-450 -300
449 -300
-450 299
449 299
-420.033 -300
-420.033 299
-450 -280.033
449 -280.033
-390.067 -300
-390.067 299
-450 -260.067
449 -260.067
-360.1 -300
-360.1 299
-450 -240.1
449 -240.1
-330.133 -300
-330.133 299
-450 -220.133
449 -220.133
-300.167 -300
-300.167 299
-450 -200.167
449 -200.167
-270.2 -300
-270.2 299
-450 -180.2
449 -180.2
-240.233 -300
-240.233 299
-450 -160.233
449 -160.233
-210.267 -300
-210.267 299
-450 -140.267
449 -140.267
-180.3 -300
-180.3 299
-450 -120.3
449 -120.3
-150.333 -300
-150.333 299
-450 -100.333
449 -100.333
-120.367 -300
-120.367 299
-450 -80.3667
449 -80.3667
-90.4 -300
-90.4 299
-450 -60.4
449 -60.4
-60.4333 -300
-60.4333 299
-450 -40.4333
449 -40.4333
-30.4667 -300
-30.4667 299
-450 -20.4667
449 -20.4667
-0.5 -300
-0.5 299
-450 -0.5
449 -0.5
29.4667 -300
29.4667 299
-450 19.4667
449 19.4667
59.4333 -300
59.4333 299
-450 39.4333
449 39.4333
89.4 -300
89.4 299
-450 59.4
449 59.4
119.367 -300
119.367 299
-450 79.3667
449 79.3667
149.333 -300
149.333 299
-450 99.3333
449 99.3333
179.3 -300
179.3 299
-450 119.3
449 119.3
209.267 -300
209.267 299
-450 139.267
449 139.267
239.233 -300
239.233 299
-450 159.233
449 159.233
269.2 -300
269.2 299
-450 179.2
449 179.2
299.167 -300
299.167 299
-450 199.167
449 199.167
329.133 -300
329.133 299
-450 219.133
449 219.133
359.1 -300
359.1 299
-450 239.1
449 239.1
389.067 -300
389.067 299
-450 259.067
449 259.067
419.033 -300
419.033 299
-450 279.033
449 279.033
-450 -150
-351 -150
-450 149
-351 149
-446.7 -150
-446.7 149
-450 -140.033
-351 -140.033
-443.4 -150
-443.4 149
-450 -130.067
-351 -130.067
-440.1 -150
-440.1 149
-450 -120.1
-351 -120.1
-436.8 -150
-436.8 149
-450 -110.133
-351 -110.133
-433.5 -150
-433.5 149
-450 -100.167
-351 -100.167
-430.2 -150
-430.2 149
-450 -90.2
-351 -90.2
-426.9 -150
-426.9 149
-450 -80.2333
-351 -80.2333
-423.6 -150
-423.6 149
-450 -70.2667
-351 -70.2667
-420.3 -150
-420.3 149
-450 -60.3
-351 -60.3
-417 -150
-417 149
-450 -50.3333
-351 -50.3333
-413.7 -150
-413.7 149
-450 -40.3667
-351 -40.3667
-410.4 -150
-410.4 149
-450 -30.4
-351 -30.4
-407.1 -150
-407.1 149
-450 -20.4333
-351 -20.4333
-403.8 -150
-403.8 149
-450 -10.4667
-351 -10.4667
-400.5 -150
-400.5 149
-450 -0.5
-351 -0.5
-397.2 -150
-397.2 149
-450 9.46667
-351 9.46667
-393.9 -150
-393.9 149
-450 19.4333
-351 19.4333
-390.6 -150
-390.6 149
-450 29.4
-351 29.4
-387.3 -150
-387.3 149
-450 39.3667
-351 39.3667
-384 -150
-384 149
-450 49.3333
-351 49.3333
-380.7 -150
-380.7 149
-450 59.3
-351 59.3
-377.4 -150
-377.4 149
-450 69.2667
-351 69.2667
-374.1 -150
-374.1 149
-450 79.2333
-351 79.2333
-370.8 -150
-370.8 149
-450 89.2
-351 89.2
-367.5 -150
-367.5 149
-450 99.1667
-351 99.1667
-364.2 -150
-364.2 149
-450 109.133
-351 109.133
-360.9 -150
-360.9 149
-450 119.1
-351 119.1
-357.6 -150
-357.6 149
-450 129.067
-351 129.067
-354.3 -150
-354.3 149
-450 139.033
-351 139.033
350 -150
449 -150
350 149
449 149
353.3 -150
353.3 149
350 -140.033
449 -140.033
356.6 -150
356.6 149
350 -130.067
449 -130.067
359.9 -150
359.9 149
350 -120.1
449 -120.1
363.2 -150
363.2 149
350 -110.133
449 -110.133
366.5 -150
366.5 149
350 -100.167
449 -100.167
369.8 -150
369.8 149
350 -90.2
449 -90.2
373.1 -150
373.1 149
350 -80.2333
449 -80.2333
376.4 -150
376.4 149
350 -70.2667
449 -70.2667
379.7 -150
379.7 149
350 -60.3
449 -60.3
383 -150
383 149
350 -50.3333
449 -50.3333
386.3 -150
386.3 149
350 -40.3667
449 -40.3667
389.6 -150
389.6 149
350 -30.4
449 -30.4
392.9 -150
392.9 149
350 -20.4333
449 -20.4333
396.2 -150
396.2 149
350 -10.4667
449 -10.4667
399.5 -150
399.5 149
350 -0.5
449 -0.5
402.8 -150
402.8 149
350 9.46667
449 9.46667
406.1 -150
406.1 149
350 19.4333
449 19.4333
409.4 -150
409.4 149
350 29.4
449 29.4
412.7 -150
412.7 149
350 39.3667
449 39.3667
416 -150
416 149
350 49.3333
449 49.3333
419.3 -150
419.3 149
350 59.3
449 59.3
422.6 -150
422.6 149
350 69.2667
449 69.2667
425.9 -150
425.9 149
350 79.2333
449 79.2333
429.2 -150
429.2 149
350 89.2
449 89.2
432.5 -150
432.5 149
350 99.1667
449 99.1667
435.8 -150
435.8 149
350 109.133
449 109.133
439.1 -150
439.1 149
350 119.1
449 119.1
442.4 -150
442.4 149
350 129.067
449 129.067
445.7 -150
445.7 149
350 139.033
449 139.033
-450 -250
-251 -250
-450 249
-251 249
-443.367 -250
-443.367 249
-450 -233.367
-251 -233.367
-436.733 -250
-436.733 249
-450 -216.733
-251 -216.733
-430.1 -250
-430.1 249
-450 -200.1
-251 -200.1
-423.467 -250
-423.467 249
-450 -183.467
-251 -183.467
-416.833 -250
-416.833 249
-450 -166.833
-251 -166.833
-410.2 -250
-410.2 249
-450 -150.2
-251 -150.2
-403.567 -250
-403.567 249
-450 -133.567
-251 -133.567
-396.933 -250
-396.933 249
-450 -116.933
-251 -116.933
-390.3 -250
-390.3 249
-450 -100.3
-251 -100.3
-383.667 -250
-383.667 249
-450 -83.6667
-251 -83.6667
-377.033 -250
-377.033 249
-450 -67.0333
-251 -67.0333
-370.4 -250
-370.4 249
-450 -50.4
-251 -50.4
-363.767 -250
-363.767 249
-450 -33.7667
-251 -33.7667
-357.133 -250
-357.133 249
-450 -17.1333
-251 -17.1333
-350.5 -250
-350.5 249
-450 -0.5
-251 -0.5
-343.867 -250
-343.867 249
-450 16.1334
-251 16.1334
-337.233 -250
-337.233 249
-450 32.7667
-251 32.7667
-330.6 -250
-330.6 249
-450 49.4
-251 49.4
-323.967 -250
-323.967 249
-450 66.0333
-251 66.0333
-317.333 -250
-317.333 249
-450 82.6667
-251 82.6667
-310.7 -250
-310.7 249
-450 99.3
-251 99.3
-304.067 -250
-304.067 249
-450 115.933
-251 115.933
-297.433 -250
-297.433 249
-450 132.567
-251 132.567
-290.8 -250
-290.8 249
-450 149.2
-251 149.2
-284.167 -250
-284.167 249
-450 165.833
-251 165.833
-277.533 -250
-277.533 249
-450 182.467
-251 182.467
-270.9 -250
-270.9 249
-450 199.1
-251 199.1
-264.267 -250
-264.267 249
-450 215.733
-251 215.733
-257.633 -250
-257.633 249
-450 232.367
-251 232.367
250 -250
449 -250
250 249
449 249
256.633 -250
256.633 249
250 -233.367
449 -233.367
263.267 -250
263.267 249
250 -216.733
449 -216.733
269.9 -250
269.9 249
250 -200.1
449 -200.1
276.533 -250
276.533 249
250 -183.467
449 -183.467
283.167 -250
283.167 249
250 -166.833
449 -166.833
289.8 -250
289.8 249
250 -150.2
449 -150.2
296.433 -250
296.433 249
250 -133.567
449 -133.567
303.067 -250
303.067 249
250 -116.933
449 -116.933
309.7 -250
309.7 249
250 -100.3
449 -100.3
316.333 -250
316.333 249
250 -83.6667
449 -83.6667
322.967 -250
322.967 249
250 -67.0333
449 -67.0333
329.6 -250
329.6 249
250 -50.4
449 -50.4
336.233 -250
336.233 249
250 -33.7667
449 -33.7667
342.867 -250
342.867 249
250 -17.1333
449 -17.1333
349.5 -250
349.5 249
250 -0.5
449 -0.5
356.133 -250
356.133 249
250 16.1334
449 16.1334
362.767 -250
362.767 249
250 32.7667
449 32.7667
369.4 -250
369.4 249
250 49.4
449 49.4
376.033 -250
376.033 249
250 66.0333
449 66.0333
382.667 -250
382.667 249
250 82.6667
449 82.6667
389.3 -250
389.3 249
250 99.3
449 99.3
395.933 -250
395.933 249
250 115.933
449 115.933
402.567 -250
402.567 249
250 132.567
449 132.567
409.2 -250
409.2 249
250 149.2
449 149.2
415.833 -250
415.833 249
250 165.833
449 165.833
422.467 -250
422.467 249
250 182.467
449 182.467
429.1 -250
429.1 249
250 199.1
449 199.1
435.733 -250
435.733 249
250 215.733
449 215.733
442.367 -250
442.367 249
250 232.367
449 232.367
-510 -130
-451 -130
-510 129
-451 129
-508.033 -130
-508.033 129
-510 -121.367
-451 -121.367
-506.067 -130
-506.067 129
-510 -112.733
-451 -112.733
-504.1 -130
-504.1 129
-510 -104.1
-451 -104.1
-502.133 -130
-502.133 129
-510 -95.4667
-451 -95.4667
-500.167 -130
-500.167 129
-510 -86.8333
-451 -86.8333
-498.2 -130
-498.2 129
-510 -78.2
-451 -78.2
-496.233 -130
-496.233 129
-510 -69.5667
-451 -69.5667
-494.267 -130
-494.267 129
-510 -60.9333
-451 -60.9333
-492.3 -130
-492.3 129
-510 -52.3
-451 -52.3
-490.333 -130
-490.333 129
-510 -43.6667
-451 -43.6667
-488.367 -130
-488.367 129
-510 -35.0333
-451 -35.0333
-486.4 -130
-486.4 129
-510 -26.4
-451 -26.4
-484.433 -130
-484.433 129
-510 -17.7667
-451 -17.7667
-482.467 -130
-482.467 129
-510 -9.13333
-451 -9.13333
-480.5 -130
-480.5 129
-510 -0.5
-451 -0.5
-478.533 -130
-478.533 129
-510 8.13335
-451 8.13335
-476.567 -130
-476.567 129
-510 16.7667
-451 16.7667
-474.6 -130
-474.6 129
-510 25.4
-451 25.4
-472.633 -130
-472.633 129
-510 34.0333
-451 34.0333
-470.667 -130
-470.667 129
-510 42.6667
-451 42.6667
-468.7 -130
-468.7 129
-510 51.3
-451 51.3
-466.733 -130
-466.733 129
-510 59.9333
-451 59.9333
-464.767 -130
-464.767 129
-510 68.5667
-451 68.5667
-462.8 -130
-462.8 129
-510 77.2
-451 77.2
-460.833 -130
-460.833 129
-510 85.8333
-451 85.8333
-458.867 -130
-458.867 129
-510 94.4667
-451 94.4667
-456.9 -130
-456.9 129
-510 103.1
-451 103.1
-454.933 -130
-454.933 129
-510 111.733
-451 111.733
-452.967 -130
-452.967 129
-510 120.367
-451 120.367
450 -130
509 -130
450 129
509 129
451.967 -130
451.967 129
450 -121.367
509 -121.367
453.933 -130
453.933 129
450 -112.733
509 -112.733
455.9 -130
455.9 129
450 -104.1
509 -104.1
457.867 -130
457.867 129
450 -95.4667
509 -95.4667
459.833 -130
459.833 129
450 -86.8333
509 -86.8333
461.8 -130
461.8 129
450 -78.2
509 -78.2
463.767 -130
463.767 129
450 -69.5667
509 -69.5667
465.733 -130
465.733 129
450 -60.9333
509 -60.9333
467.7 -130
467.7 129
450 -52.3
509 -52.3
469.667 -130
469.667 129
450 -43.6667
509 -43.6667
471.633 -130
471.633 129
450 -35.0333
509 -35.0333
473.6 -130
473.6 129
450 -26.4
509 -26.4
475.567 -130
475.567 129
450 -17.7667
509 -17.7667
477.533 -130
477.533 129
450 -9.13333
509 -9.13333
479.5 -130
479.5 129
450 -0.5
509 -0.5
481.467 -130
481.467 129
450 8.13335
509 8.13335
483.433 -130
483.433 129
450 16.7667
509 16.7667
485.4 -130
485.4 129
450 25.4
509 25.4
487.367 -130
487.367 129
450 34.0333
509 34.0333
489.333 -130
489.333 129
450 42.6667
509 42.6667
491.3 -130
491.3 129
450 51.3
509 51.3
493.267 -130
493.267 129
450 59.9333
509 59.9333
495.233 -130
495.233 129
450 68.5667
509 68.5667
497.2 -130
497.2 129
450 77.2
509 77.2
499.167 -130
499.167 129
450 85.8333
509 85.8333
501.133 -130
501.133 129
450 94.4667
509 94.4667
503.1 -130
503.1 129
450 103.1
509 103.1
505.067 -130
505.067 129
450 111.733
509 111.733
507.033 -130
507.033 129
450 120.367
509 120.367
0 -300
0 300
0 -280
0 -260
0 -240
0 -220
0 -200
0 -180
0 -160
0 -140
0 -120
0 -100
0 -80
0 -60
0 -40
0 -20
0 0
0 20
0 40
0 60
0 80
0 100
0 120
0 140
0 160
0 180
0 200
0 220
0 240
0 260
0 280
-10 0
10 0
-9.33333 0
-8.66667 0
-8 0
-7.33333 0
-6.66667 0
-6 0
-5.33333 0
-4.66667 0
-4 0
-3.33333 0
-2.66667 0
-2 0
-1.33333 0
-0.666667 0
0 0
0.666667 0
1.33333 0
2 0
2.66667 0
3.33333 0
4 0
4.66667 0
5.33333 0
6 0
6.66667 0
7.33333 0
8 0
8.66667 0
9.33333 0
290 0
310 0
290.667 0
291.333 0
292 0
292.667 0
293.333 0
294 0
294.667 0
295.333 0
296 0
296.667 0
297.333 0
298 0
298.667 0
299.333 0
300 0
300.667 0
301.333 0
302 0
302.667 0
303.333 0
304 0
304.667 0
305.333 0
306 0
306.667 0
307.333 0
308 0
308.667 0
309.333 0
-310 0
-290 0
-309.333 0
-308.667 0
-308 0
-307.333 0
-306.667 0
-306 0
-305.333 0
-304.667 0
-304 0
-303.333 0
-302.667 0
-302 0
-301.333 0
-300.667 0
-300 0
-299.333 0
-298.667 0
-298 0
-297.333 0
-296.667 0
-296 0
-295.333 0
-294.667 0
-294 0
-293.333 0
-292.667 0
-292 0
-291.333 0
-290.667 0
300 -10
300 10
300 -9.33333
300 -8.66667
300 -8
300 -7.33333
300 -6.66667
300 -6
300 -5.33333
300 -4.66667
300 -4
300 -3.33333
300 -2.66667
300 -2
300 -1.33333
300 -0.666667
300 0
300 0.666667
300 1.33333
300 2
300 2.66667
300 3.33333
300 4
300 4.66667
300 5.33333
300 6
300 6.66667
300 7.33333
300 8
300 8.66667
300 9.33333
-300 -10
-300 10
-300 -9.33333
-300 -8.66667
-300 -8
-300 -7.33333
-300 -6.66667
-300 -6
-300 -5.33333
-300 -4.66667
-300 -4
-300 -3.33333
-300 -2.66667
-300 -2
-300 -1.33333
-300 -0.666667
-300 0
-300 0.666667
-300 1.33333
-300 2
-300 2.66667
-300 3.33333
-300 4
-300 4.66667
-300 5.33333
-300 6
-300 6.66667
-300 7.33333
-300 8
-300 8.66667
-300 9.33333
75 0
74.4086 9.39999
72.6437 18.6517
69.7332 27.6093
65.723 36.1315
60.6763 44.0839
54.6726 51.341
47.8068 57.7885
40.187 63.3246
31.9334 67.862
23.1763 71.3292
14.0536 73.6715
4.70929 74.852
-4.70929 74.852
-14.0536 73.6715
-23.1763 71.3292
-31.9335 67.862
-40.187 63.3246
-47.8068 57.7885
-54.6726 51.341
-60.6763 44.0839
-65.723 36.1315
-69.7332 27.6093
-72.6437 18.6517
-74.4086 9.39999
-75 -6.55671e-06
-74.4086 -9.39998
-72.6437 -18.6517
-69.7332 -27.6093
-65.723 -36.1315
-60.6763 -44.0839
-54.6726 -51.341
-47.8068 -57.7885
-40.187 -63.3246
-31.9335 -67.862
-23.1763 -71.3292
-14.0536 -73.6715
-4.70929 -74.852
4.70929 -74.852
14.0536 -73.6715
23.1763 -71.3292
31.9335 -67.862
40.187 -63.3246
47.8068 -57.7885
54.6726 -51.341
60.6763 -44.0839
65.723 -36.1315
69.7332 -27.6093
72.6437 -18.6517
74.4086 -9.39998
